
6424, 1559, 113, 13, 1, 0, 0, 0, 0, 0, 0, 0, 0, 0, 0, 0, 777, 10103, 1530, 209, 23, 4, 1, 0, 0, 0, 0, 0, 0, 0, 0, 0, 1, 898, 4967, 1467, 182, 18, 5, 0, 0, 0, 0, 0, 0, 0, 0, 0, 0, 5, 1007, 10263, 1622, 108, 21, 3, 0, 0, 0, 0, 0, 0, 0, 0, 0, 1, 21, 1734, 12207, 2668, 130, 11, 1, 0, 0, 0, 0, 0, 0, 0, 0, 0, 1, 37, 2476, 28813, 3890, 131, 6, 0, 0, 0, 0, 0, 0, 0, 0, 0, 0, 1, 69, 4330, 21172, 2100, 68, 1, 0, 0, 0, 0, 0, 0, 0, 0, 0, 1, 9, 144, 2732, 11778, 1752, 35, 2, 0, 0, 0, 0, 0, 0, 0, 0, 0, 1, 12, 166, 2539, 15127, 2082, 24, 0, 0, 0, 0, 0, 0, 0, 0, 0, 0, 2, 53, 215, 3304, 21310, 2249, 17, 0, 0, 0, 0, 0, 0, 0, 0, 0, 3, 4, 67, 213, 3512, 22435, 1464, 5, 0, 0, 0, 0, 0, 0, 0, 0, 0, 0, 29, 99, 315, 3166, 24704, 918, 0, 0, 0, 0, 0, 0, 0, 0, 0, 0, 1, 56, 74, 140, 2848, 10865, 187, 0, 0, 0, 0, 0, 0, 0, 0, 0, 0, 0, 19, 4, 43, 1187, 5010, 1, 0, 0, 0, 0, 0, 0, 0, 0, 0, 0, 0, 0, 0, 0, 24, 5, 0, 0, 0, 0, 0, 0, 0, 0, 0, 0, 0, 0, 0, 0, 0, 0, 0, unknown

0, 0, 0, 0, 0, 0, 0, 0, 0, 0, 0, 0, 0, 0, 0, 0, 0, 104, 241, 4, 0, 0, 0, 0, 0, 0, 0, 0, 0, 0, 0, 0, 0, 25, 11962, 4896, 194, 6, 0, 0, 0, 0, 0, 0, 0, 0, 0, 0, 0, 0, 2187, 19801, 2866, 243, 12, 0, 0, 0, 0, 0, 0, 0, 0, 0, 0, 0, 6, 1883, 9435, 2139, 163, 6, 1, 0, 0, 0, 0, 0, 0, 0, 0, 0, 0, 26, 2195, 12703, 2514, 87, 3, 0, 0, 0, 0, 0, 0, 0, 0, 0, 0, 3, 114, 2563, 22408, 1990, 39, 1, 0, 0, 0, 0, 0, 0, 0, 0, 0, 0, 5, 172, 2678, 21996, 2504, 15, 0, 0, 0, 0, 0, 0, 0, 0, 0, 0, 0, 11, 182, 4064, 28723, 2008, 3, 0, 0, 0, 0, 0, 0, 0, 0, 0, 0, 0, 12, 189, 3840, 33367, 1403, 8, 0, 0, 0, 0, 0, 0, 0, 0, 0, 0, 1, 16, 187, 3153, 18311, 926, 0, 0, 0, 0, 0, 0, 0, 0, 0, 0, 0, 1, 11, 150, 2143, 10234, 488, 0, 0, 0, 0, 0, 0, 0, 0, 0, 0, 0, 2, 20, 114, 1742, 12419, 262, 0, 0, 0, 0, 0, 0, 0, 0, 0, 0, 0, 0, 11, 87, 1388, 8003, 12, 0, 0, 0, 0, 0, 0, 0, 0, 0, 0, 0, 0, 0, 11, 209, 239, 0, 0, 0, 0, 0, 0, 0, 0, 0, 0, 0, 0, 0, 0, 1, 3, 0, unknown

0, 0, 0, 0, 0, 0, 0, 0, 0, 0, 0, 0, 0, 0, 0, 0, 0, 75, 76, 0, 0, 0, 0, 0, 0, 0, 0, 0, 0, 0, 0, 0, 0, 7, 1753, 419, 5, 0, 0, 0, 0, 0, 0, 0, 0, 0, 0, 0, 0, 0, 26, 797, 332, 40, 0, 0, 0, 0, 0, 0, 0, 0, 0, 0, 0, 0, 1, 53, 633, 331, 26, 1, 0, 0, 0, 0, 0, 0, 0, 0, 0, 0, 0, 1, 83, 1675, 505, 11, 0, 0, 0, 0, 0, 0, 0, 0, 0, 0, 0, 1, 6, 133, 1795, 483, 5, 0, 0, 0, 0, 0, 0, 0, 0, 0, 0, 0, 3, 16, 161, 1312, 287, 2, 0, 0, 0, 0, 0, 0, 0, 0, 0, 0, 0, 6, 30, 190, 1697, 185, 1, 0, 0, 0, 0, 0, 0, 0, 0, 0, 0, 2, 12, 28, 306, 1837, 92, 0, 0, 0, 0, 0, 0, 0, 0, 0, 0, 0, 2, 7, 60, 580, 4887, 44, 0, 0, 0, 0, 0, 0, 0, 0, 0, 0, 0, 0, 2, 56, 1056, 18735, 49, 0, 0, 0, 0, 0, 0, 0, 0, 0, 0, 0, 0, 0, 8, 1863, 22746, 0, 0, 0, 0, 0, 0, 0, 0, 0, 0, 0, 0, 0, 0, 0, 1, 0, 0, 0, 0, 0, 0, 0, 0, 0, 0, 0, 0, 0, 0, 0, 0, 0, 0, 0, 0, 0, 0, 0, 0, 0, 0, 0, 0, 0, 0, 0, 0, 0, 0, 0, unknown

0, 0, 0, 0, 0, 0, 0, 0, 0, 0, 0, 0, 0, 0, 0, 0, 0, 46, 32, 0, 0, 0, 0, 0, 0, 0, 0, 0, 0, 0, 0, 0, 0, 3, 658, 285, 8, 0, 0, 0, 0, 0, 0, 0, 0, 0, 0, 0, 0, 0, 77, 1684, 353, 12, 0, 0, 0, 0, 0, 0, 0, 0, 0, 0, 0, 0, 0, 217, 4394, 507, 55, 9, 0, 0, 0, 0, 0, 0, 0, 0, 0, 0, 0, 0, 554, 2339, 816, 146, 4, 0, 0, 0, 0, 0, 0, 0, 0, 0, 0, 0, 2, 253, 4127, 970, 86, 1, 0, 0, 0, 0, 0, 0, 0, 0, 0, 0, 0, 4, 632, 14415, 1028, 31, 0, 0, 0, 0, 0, 0, 0, 0, 0, 0, 0, 0, 27, 3228, 1949, 238, 47, 0, 0, 0, 0, 0, 0, 0, 0, 0, 0, 0, 0, 41, 278, 1137, 217, 1, 0, 0, 0, 0, 0, 0, 0, 0, 0, 0, 0, 1, 29, 279, 471, 61, 1, 0, 0, 0, 0, 0, 0, 0, 0, 0, 0, 0, 1, 288, 367, 19433, 63, 0, 0, 0, 0, 0, 0, 0, 0, 0, 0, 0, 0, 46, 150, 975, 628, 49, 0, 0, 0, 0, 0, 0, 0, 0, 0, 0, 0, 0, 9, 60, 224, 259, 1, 0, 0, 0, 0, 0, 0, 0, 0, 0, 0, 0, 0, 2, 33, 474, 721, 0, 0, 0, 0, 0, 0, 0, 0, 0, 0, 0, 0, 0, 0, 0, 0, 0, unknown

0, 0, 0, 0, 0, 0, 0, 0, 0, 0, 0, 0, 0, 0, 0, 0, 0, 0, 0, 0, 0, 0, 0, 0, 0, 0, 0, 0, 0, 0, 0, 0, 0, 0, 506, 23, 0, 0, 0, 0, 0, 0, 0, 0, 0, 0, 0, 0, 0, 0, 11, 1730, 143, 0, 0, 0, 0, 0, 0, 0, 0, 0, 0, 0, 0, 0, 0, 81, 16424, 3595, 0, 0, 0, 0, 0, 0, 0, 0, 0, 0, 0, 0, 0, 0, 1088, 204402, 11477, 0, 0, 0, 0, 0, 0, 0, 0, 0, 0, 0, 0, 0, 0, 12600, 364277, 6172, 0, 0, 0, 0, 0, 0, 0, 0, 0, 0, 0, 0, 0, 0, 19104, 264340, 2370, 0, 0, 0, 0, 0, 0, 0, 0, 0, 0, 0, 0, 0, 0, 15152, 136691, 797, 0, 0, 0, 0, 0, 0, 0, 0, 0, 0, 0, 0, 0, 0, 5808, 42400, 542, 0, 0, 0, 0, 0, 0, 0, 0, 0, 0, 0, 0, 0, 0, 1602, 24496, 419, 0, 0, 0, 0, 0, 0, 0, 0, 0, 0, 0, 0, 0, 0, 1156, 16997, 292, 0, 0, 0, 0, 0, 0, 0, 0, 0, 0, 0, 0, 0, 0, 905, 12447, 100, 0, 0, 0, 0, 0, 0, 0, 0, 0, 0, 0, 0, 0, 0, 650, 6170, 33, 0, 0, 0, 0, 0, 0, 0, 0, 0, 0, 0, 0, 0, 0, 371, 6695, 46, 0, 0, 0, 0, 0, 0, 0, 0, 0, 0, 0, 0, 0, 0, 716, 2004, epithelium
